# Written by pfold_nc.dat, 0.003 extra light factor
# EB contamination removed
0.000000 0.010000 1.000349 0.000757 1 1
0.010000 0.010000 1.001670 0.000753 1 1
0.020000 0.010000 1.002469 0.000728 1 1
0.030000 0.010000 1.002054 0.000737 1 1
0.040000 0.010000 1.001589 0.000765 1 1
0.050000 0.010000 1.000907 0.000765 1 1
0.060000 0.010000 1.002252 0.000733 1 1
0.070000 0.010000 1.001363 0.000712 1 1
0.080000 0.010000 1.002270 0.000730 1 1
0.090000 0.010000 1.001364 0.000801 1 1
0.100000 0.010000 1.000773 0.000765 1 1
0.110000 0.010000 1.001406 0.000776 1 1
0.120000 0.010000 1.001171 0.000719 1 1
0.130000 0.010000 1.000584 0.000718 1 1
0.140000 0.010000 1.001533 0.000725 1 1
0.150000 0.010000 1.000506 0.000736 1 1
0.160000 0.010000 1.001428 0.000805 1 1
0.170000 0.010000 1.001298 0.000752 1 1
0.180000 0.010000 0.999719 0.000763 1 1
0.190000 0.010000 1.000506 0.000687 1 1
0.200000 0.010000 1.001088 0.000793 1 1
0.210000 0.010000 1.000054 0.000708 1 1
0.220000 0.010000 0.999630 0.000721 1 1
0.230000 0.010000 0.998858 0.000712 1 1
0.240000 0.010000 0.998984 0.000751 1 1
0.250000 0.010000 0.999602 0.000785 1 1
0.260000 0.010000 1.000083 0.000766 1 1
0.270000 0.010000 0.998326 0.000765 1 1
0.280000 0.010000 0.998796 0.000732 1 1
0.290000 0.010000 0.999581 0.000782 1 1
0.300000 0.010000 0.998113 0.000721 1 1
0.310000 0.010000 0.999239 0.000732 1 1 
0.320000 0.010000 0.998439 0.000705 1 1
0.330000 0.010000 0.999495 0.000706 1 1
0.340000 0.010000 0.999136 0.000772 1 1
0.350000 0.010000 0.999424 0.000766 1 1
0.360000 0.010000 0.998307 0.000744 1 1
0.370000 0.010000 0.999017 0.000721 1 1
0.380000 0.010000 0.998337 0.000740 1 1
0.390000 0.010000 0.997390 0.000708 1 1
0.400000 0.010000 0.998185 0.000737 1 1
0.410000 0.010000 0.998819 0.000709 1 1
0.420000 0.010000 0.998741 0.000736 1 1
0.430000 0.010000 0.999743 0.000753 1 1
0.440000 0.010000 0.997288 0.000734 1 1 
0.450000 0.010000 0.998468 0.000725 1 1
0.460000 0.010000 0.999373 0.000747 1 1
0.470000 0.010000 0.999850 0.000761 1 1
0.480000 0.010000 0.998503 0.000736 1 1
0.490000 0.010000 0.999935 0.000728 1 1 
0.500000 0.010000 0.998000 0.000731 1 1
0.510000 0.010000 0.999085 0.000741 1 1
0.520000 0.010000 0.997423 0.000747 1 1
0.530000 0.010000 0.998872 0.000756 1 1
0.540000 0.010000 1.000013 0.000741 1 1
0.550000 0.010000 0.999368 0.000694 1 1
0.560000 0.010000 0.998086 0.000730 1 1
0.570000 0.010000 0.999419 0.000721 1 1
0.580000 0.010000 1.000838 0.000742 1 1 
0.590000 0.010000 0.998756 0.000761 1 1 
0.600000 0.010000 0.998862 0.000698 1 1 
0.610000 0.010000 0.998364 0.000752 1 1 
0.620000 0.010000 1.000179 0.000723 1 1
0.630000 0.010000 1.000020 0.000736 1 1
0.640000 0.010000 0.999419 0.000696 1 1
0.650000 0.010000 1.000765 0.000723 1 1
0.660000 0.010000 1.000046 0.000726 1 1
0.670000 0.010000 1.000015 0.000806 1 1
0.680000 0.010000 0.998791 0.000723 1 1
0.690000 0.010000 1.000421 0.000692 1 1
0.700000 0.010000 1.000150 0.000692 1 1
0.710000 0.010000 1.001147 0.000763 1 1
0.720000 0.010000 1.001866 0.000750 1 1
0.730000 0.010000 1.000179 0.000729 1 1
0.740000 0.010000 1.001991 0.000709 1 1
0.750000 0.010000 0.999735 0.000759 1 1
0.760000 0.010000 1.000714 0.000701 1 1
0.770000 0.010000 1.000404 0.000726 1 1
0.780000 0.010000 1.000948 0.000731 1 1
0.790000 0.010000 1.001158 0.000748 1 1
0.800000 0.010000 1.002585 0.000770 1 1
0.810000 0.010000 1.000471 0.000703 1 1
0.820000 0.010000 0.999232 0.000742 1 1
0.830000 0.010000 0.999210 0.000729 1 1
0.840000 0.010000 1.000094 0.000738 1 1
0.850000 0.010000 1.000507 0.000718 1 1
0.860000 0.010000 1.000985 0.000718 1 1
0.870000 0.010000 1.000527 0.000741 1 1
0.880000 0.010000 0.998897 0.000778 1 1
0.890000 0.010000 1.000984 0.000717 1 1
0.900000 0.010000 1.001149 0.000762 1 1
0.910000 0.010000 1.001050 0.000744 1 1
0.920000 0.010000 1.000272 0.000717 1 1
0.930000 0.010000 0.999815 0.000707 1 1
0.940000 0.010000 1.000574 0.000774 1 1
0.950000 0.010000 1.001209 0.000708 1 1
0.960000 0.010000 1.000124 0.000739 1 1
0.970000 0.010000 1.002022 0.000762 1 1
0.980000 0.010000 1.001036 0.000737 1 1
0.990000 0.010000 1.001652 0.000736 1 1
